  0.00000000  349.66430330   1.46145095
  0.00001953  349.65159822   1.50344582
  0.00003906  349.61348777   1.54546708
  0.00005859  349.54998622   1.58750694
  0.00007813  349.46111740   1.62953670
  0.00009766  349.34691461   1.67150484
  0.00011719  349.20742062   1.71333658
  0.00013672  349.04268766   1.75493469
  0.00015625  348.85277735   1.79618183
  0.00017578  348.63776064   1.83694414
  0.00019531  348.39771780   1.87707595
  0.00021484  348.13273832   1.91642540
  0.00023437  347.84292086   1.95484058
  0.00025391  347.52837315   1.99217588
  0.00027344  347.18921195   2.02829817
  0.00029297  346.82556290   2.06309245
  0.00031250  346.43756047   2.09646653
  0.00033203  346.02534784   2.12835460
  0.00035156  345.58907679   2.15871923
  0.00037109  345.12890757   2.18755178
  0.00039063  344.64500879   2.21487116
  0.00041016  344.13755730   2.24072085
  0.00042969  343.60673801   2.26516437
  0.00044922  343.05274380   2.28827945
  0.00046875  342.47577534   2.31015122
  0.00048828  341.87604094   2.33086466
  0.00050781  341.25375638   2.35049693
  0.00052734  340.60914479   2.36910991
  0.00054688  339.94243640   2.38674342
  0.00056641  339.25386844   2.40340962
  0.00058594  338.54368490   2.41908887
  0.00060547  337.81213637   2.43372741
  0.00062500  337.05947986   2.44723705
  0.00064453  336.28597858   2.45949694
  0.00066406  335.49190174   2.47035744
  0.00068359  334.67752435   2.47964594
  0.00070312  333.84312703   2.48717424
  0.00072266  332.98899575   2.49274731
  0.00074219  332.11542166   2.49617281
  0.00076172  331.22270085   2.49727092
  0.00078125  330.31113411   2.49588389
  0.00080078  329.38102674   2.49188474
  0.00082031  328.43268828   2.48518451
  0.00083984  327.46643229   2.47573778
  0.00085938  326.48257614   2.46354568
  0.00087891  325.48144073   2.44865654
  0.00089844  324.46335028   2.43116373
  0.00091797  323.42863208   2.41120073
  0.00093750  322.37761624   2.38893377
  0.00095703  321.31063543   2.36455207
  0.00097656  320.22802470   2.33825635
  0.00099609  319.13012113   2.31024607
  0.00101563  318.01726367   2.28070609
  0.00103516  316.88979284   2.24979347
  0.00105469  315.74805050   2.21762517
  0.00107422  314.59237961   2.18426748
  0.00109375  313.42312395   2.14972764
  0.00111328  312.24062787   2.11394854
  0.00113281  311.04523611   2.07680683
  0.00115234  309.83729344   2.03811463
  0.00117188  308.61714450   1.99762531
  0.00119141  307.38513353   1.95504291
  0.00121094  306.14160411   1.91003525
  0.00123047  304.88689892   1.86225008
  0.00125000  303.62135950   1.81133375
  0.00126953  302.34532602   1.75695158
  0.00128906  301.05913704   1.69880906
  0.00130859  299.76312926   1.63667291
  0.00132813  298.45763728   1.57039090
  0.00134766  297.14299342   1.49990958
  0.00136719  295.81952743   1.42528889
  0.00138672  294.48756630   1.34671288
  0.00140625  293.14743402   1.26449577
  0.00142578  291.79945140   1.17908304
  0.00144531  290.44393581   1.09104716
  0.00146484  289.08120098   1.00107795
  0.00148438  287.71155683   0.90996780
  0.00150391  286.33530923   0.81859224
  0.00152344  284.95275981   0.72788644
  0.00154297  283.56420577   0.63881858
  0.00156250  282.16993970   0.55236104
  0.00158203  280.77024939   0.46946065
  0.00160156  279.36541764   0.39100906
  0.00162109  277.95572212   0.31781457
  0.00164062  276.54143516   0.25057644
  0.00166016  275.12282363   0.18986288
  0.00167969  273.70014873   0.13609354
  0.00169922  272.27366589   0.08952728
  0.00171875  270.84362462   0.05025564
  0.00173828  269.41026833   0.01820237
  0.00175781  267.97383422  -0.00687099
  0.00177734  266.53455319  -0.02535390
  0.00179688  265.09264964  -0.03777018
  0.00181641  263.64834144  -0.04475701
  0.00183594  262.20183974  -0.04704020
  0.00185547  260.75334895  -0.04540688
  0.00187500  259.30306658  -0.04067689
  0.00189453  257.85118319  -0.03367381
  0.00191406  256.39788228  -0.02519706
  0.00193359  254.94334024  -0.01599598
  0.00195313  253.48772626  -0.00674712
  0.00197266  252.03120230   0.00196470
  0.00199219  250.57392300   0.00966059
  0.00201172  249.11603566   0.01597689
  0.00203125  247.65768016   0.02066920
  0.00205078  246.19898898   0.02361126
  0.00207031  244.74008715   0.02478893
  0.00208984  243.28109221   0.02428973
  0.00210938  241.82211421   0.02228866
  0.00212891  240.36325574   0.01903113
  0.00214844  238.90461186   0.01481376
  0.00216797  237.44627018   0.00996429
  0.00218750  235.98831083   0.00482137
  0.00220703  234.53080649  -0.00028470
  0.00222656  233.07382244  -0.00504947
  0.00224609  231.61741655  -0.00920926
  0.00226562  230.16163938  -0.01255301
  0.00228516  228.70653418  -0.01493056
  0.00230469  227.25213698  -0.01625719
  0.00232422  225.79847663  -0.01651432
  0.00234375  224.34557487  -0.01574665
  0.00236328  222.89344643  -0.01405601
  0.00238281  221.44209905  -0.01159239
  0.00240234  219.99153366  -0.00854285
  0.00242188  218.54174438  -0.00511891
  0.00244141  217.09271869  -0.00154329
  0.00246094  215.64443749   0.00196338
  0.00248047  214.19687522   0.00519506
  0.00250000  212.75000000   0.00797144
  0.00251953  211.30377373   0.01014706
  0.00253906  209.85815222   0.01161812
  0.00255859  208.41308531   0.01232662
  0.00257813  206.96851707   0.01226175
  0.00259766  205.52438583   0.01145856
  0.00261719  204.08062444   0.00999399
  0.00263672  202.63716037   0.00798084
  0.00265625  201.19391584   0.00555977
  0.00267578  199.75080805   0.00289010
  0.00269531  198.30774928   0.00013989
  0.00271484  196.86464710  -0.00252415
  0.00273438  195.42140452  -0.00494633
  0.00275391  193.97792018  -0.00699060
  0.00277344  192.53408853  -0.00854783
  0.00279297  191.08979999  -0.00954122
  0.00281250  189.64494118  -0.00992976
  0.00283203  188.19939505  -0.00970941
  0.00285156  186.75304114  -0.00891218
  0.00287109  185.30575571  -0.00760314
  0.00289063  183.85741198  -0.00587556
  0.00291016  182.40788032  -0.00384465
  0.00292969  180.95702843  -0.00164016
  0.00294922  179.50472157   0.00060169
  0.00296875  178.05082274   0.00274628
  0.00298828  176.59519291   0.00466856
  0.00300781  175.13769121   0.00625998
  0.00302734  173.67817513   0.00743454
  0.00304688  172.21650075   0.00813313
  0.00306641  170.75252292   0.00832637
  0.00308594  169.28609552   0.00801551
  0.00310547  167.81707160   0.00723161
  0.00312500  166.34530364   0.00603298
  0.00314453  164.87064373   0.00450102
  0.00316406  163.39294382   0.00273494
  0.00318359  161.91205585   0.00084545
  0.00320313  160.42783205  -0.00105200
  0.00322266  158.94012507  -0.00284417
  0.00324219  157.44878822  -0.00442658
  0.00326172  155.95367568  -0.00570954
  0.00328125  154.45464265  -0.00662309
  0.00330078  152.95154563  -0.00712066
  0.00332031  151.44424254  -0.00718136
  0.00333984  149.93259297  -0.00681064
  0.00335937  148.41645831  -0.00603944
  0.00337891  146.89570202  -0.00492180
  0.00339844  145.37018976  -0.00353127
  0.00341797  143.83978957  -0.00195609
  0.00343750  142.30437209  -0.00029376
  0.00345703  140.76381071   0.00135493
  0.00347656  139.21798174   0.00289193
  0.00349609  137.66676460   0.00422766
  0.00351563  136.11004196   0.00528613
  0.00353516  134.54769994   0.00600924
  0.00355469  132.97962823   0.00635982
  0.00357422  131.40572024   0.00632352
  0.00359375  129.82587330   0.00590921
  0.00361328  128.23998875   0.00514807
  0.00363281  126.64797212   0.00409136
  0.00365234  125.04973321   0.00280705
  0.00367188  123.44518631   0.00137550
  0.00369141  121.83425022  -0.00011548
  0.00371094  120.21684845  -0.00157598
  0.00373047  118.59290931  -0.00291935
  0.00375000  116.96236599  -0.00406723
  0.00376953  115.32515670  -0.00495416
  0.00378906  113.68122476  -0.00553116
  0.00380859  112.03051870  -0.00576845
  0.00382812  110.37299230  -0.00565689
  0.00384766  108.70860474  -0.00520826
  0.00386719  107.03732063  -0.00445420
  0.00388672  105.35911007  -0.00344406
  0.00390625  103.67394876  -0.00224176
  0.00392578  101.98181800  -0.00092173
  0.00394531  100.28270481   0.00043559
  0.00396484   98.57660188   0.00174867
  0.00398438   96.86350771   0.00293970
  0.00400391   95.14342655   0.00393918
  0.00402344   93.41636852   0.00468992
  0.00404297   91.68234952   0.00515029
  0.00406250   89.94139135   0.00529649
  0.00408203   88.19352164   0.00512373
  0.00410156   86.43877389   0.00464628
  0.00412109   84.67718745   0.00389638
  0.00414063   82.90880751   0.00292211
  0.00416016   81.13368509   0.00178434
  0.00417969   79.35187700   0.00055297
  0.00419922   77.56344582  -0.00069737
  0.00421875   75.76845987  -0.00189176
  0.00423828   73.96699314  -0.00295948
  0.00425781   72.15912528  -0.00383814
  0.00427734   70.34494151  -0.00447735
  0.00429688   68.52453260  -0.00484152
  0.00431641   66.69799474  -0.00491185
  0.00433594   64.86542953  -0.00468725
  0.00435547   63.02694389  -0.00418424
  0.00437500   61.18264993  -0.00343577
  0.00439453   59.33266492  -0.00248908
  0.00441406   57.47711118  -0.00140274
  0.00443359   55.61611595  -0.00024307
  0.00445313   53.74981132   0.00091988
  0.00447266   51.87833410   0.00201656
  0.00449219   50.00182572   0.00298207
  0.00451172   48.12043209   0.00375990
  0.00453125   46.23430352   0.00430532
  0.00455078   44.34359452   0.00458786
  0.00457031   42.44846373   0.00459299
  0.00458984   40.54907375   0.00432291
  0.00460937   38.64559102   0.00379619
  0.00462891   36.73818565   0.00304657
  0.00464844   34.82703129   0.00212078
  0.00466797   32.91230495   0.00107569
  0.00468750   30.99418689  -0.00002521
  0.00470703   29.07286040  -0.00111561
  0.00472656   27.14851170  -0.00213039
  0.00474609   25.22132973  -0.00300945
  0.00476562   23.29150599  -0.00370128
  0.00478516   21.35923436  -0.00416596
  0.00480469   19.42471097  -0.00437745
  0.00482422   17.48813395  -0.00432500
  0.00484375   15.54970333  -0.00401373
  0.00486328   13.60962080  -0.00346415
  0.00488281   11.66808956  -0.00271089
  0.00490234    9.72531410  -0.00180047
  0.00492188    7.78150006  -0.00078847
  0.00494141    5.83685403   0.00026385
  0.00496094    3.89158335   0.00129325
  0.00498047    1.94589591   0.00223827
  0.00500000    0.00000000   0.00304291
  0.00501953   -1.94589591   0.00365994
  0.00503906   -3.89158335   0.00405363
  0.00505859   -5.83685403   0.00420182
  0.00507813   -7.78150006   0.00409718
  0.00509766   -9.72531410   0.00374751
  0.00511719  -11.66808956   0.00317522
  0.00513672  -13.60962080   0.00241589
  0.00515625  -15.54970333   0.00151606
  0.00517578  -17.48813395   0.00053041
  0.00519531  -19.42471097  -0.00048156
  0.00521484  -21.35923436  -0.00145912
  0.00523438  -23.29150599  -0.00234391
  0.00525391  -25.22132973  -0.00308346
  0.00527344  -27.14851170  -0.00363424
  0.00529297  -29.07286040  -0.00396423
  0.00531250  -30.99418689  -0.00405480
  0.00533203  -32.91230495  -0.00390170
  0.00535156  -34.82703129  -0.00351528
  0.00537109  -36.73818565  -0.00291982
  0.00539063  -38.64559102  -0.00215195
  0.00541016  -40.54907375  -0.00125847
  0.00542969  -42.44846373  -0.00029345
  0.00544922  -44.34359452   0.00068497
  0.00546875  -46.23430352   0.00161812
  0.00548828  -48.12043209   0.00245028
  0.00550781  -50.00182572   0.00313202
  0.00552734  -51.87833410   0.00362309
  0.00554687  -53.74981132   0.00389483
  0.00556641  -55.61611595   0.00393180
  0.00558594  -57.47711118   0.00373266
  0.00560547  -59.33266492   0.00331024
  0.00562500  -61.18264993   0.00269063
  0.00564453  -63.02694389   0.00191168
  0.00566406  -64.86542953   0.00102062
  0.00568359  -66.69799474   0.00007122
  0.00570312  -68.52453260  -0.00087941
  0.00572266  -70.34494151  -0.00177428
  0.00574219  -72.15912528  -0.00255992
  0.00576172  -73.96699314  -0.00318957
  0.00578125  -75.76845987  -0.00362591
  0.00580078  -77.56344582  -0.00384334
  0.00582031  -79.35187700  -0.00382941
  0.00583984  -81.13368509  -0.00358558
  0.00585938  -82.90880751  -0.00312705
  0.00587891  -84.67718745  -0.00248185
  0.00589844  -86.43877389  -0.00168911
  0.00591797  -88.19352164  -0.00079672
  0.00593750  -89.94139135   0.00014158
  0.00595703  -91.68234952   0.00106941
  0.00597656  -93.41636852   0.00193114
  0.00599609  -95.14342655   0.00267522
  0.00601563  -96.86350771   0.00325722
  0.00603516  -98.57660188   0.00364253
  0.00605469  -100.28270481   0.00380836
  0.00607422  -101.98181800   0.00374511
  0.00609375  -103.67394876   0.00345694
  0.00611328  -105.35911007   0.00296146
  0.00613281  -107.03732063   0.00228869
  0.00615234  -108.70860474   0.00147921
  0.00617188  -110.37299230   0.00058179
  0.00619141  -112.03051870  -0.00034963
  0.00621094  -113.68122476  -0.00125911
  0.00623047  -115.32515670  -0.00209208
  0.00625000  -116.96236599  -0.00279861
  0.00626953  -118.59290931  -0.00333639
  0.00628906  -120.21684845  -0.00367324
  0.00630859  -121.83425022  -0.00378906
  0.00632813  -123.44518631  -0.00367702
  0.00634766  -125.04973321  -0.00334394
  0.00636719  -126.64797212  -0.00280990
  0.00638672  -128.23998875  -0.00210701
  0.00640625  -129.82587330  -0.00127751
  0.00642578  -131.40572024  -0.00037124
  0.00644531  -132.97962823   0.00055738
  0.00646484  -134.54769994   0.00145257
  0.00648438  -136.11004196   0.00226056
  0.00650391  -137.66676460   0.00293279
  0.00652344  -139.21798174   0.00342883
  0.00654297  -140.76381071   0.00371880
  0.00656250  -142.30437209   0.00378517
  0.00658203  -143.83978957   0.00362383
  0.00660156  -145.37018976   0.00324430
  0.00662109  -146.89570202   0.00266923
  0.00664062  -148.41645831   0.00193300
  0.00666016  -149.93259297   0.00107971
  0.00667969  -151.44424254   0.00016053
  0.00669922  -152.95154563  -0.00076938
  0.00671875  -154.45464265  -0.00165411
  0.00673828  -155.95367568  -0.00244043
  0.00675781  -157.44878822  -0.00308093
  0.00677734  -158.94012507  -0.00353686
  0.00679688  -160.42783205  -0.00378053
  0.00681641  -161.91205585  -0.00379693
  0.00683594  -163.39294382  -0.00358466
  0.00685547  -164.87064373  -0.00315607
  0.00687500  -166.34530364  -0.00253651
  0.00689453  -167.81707160  -0.00176287
  0.00691406  -169.28609552  -0.00088135
  0.00693359  -170.75252292   0.00005525
  0.00695313  -172.21650075   0.00099071
  0.00697266  -173.67817513   0.00186873
  0.00699219  -175.13769121   0.00263632
  0.00701172  -176.59519291   0.00324701
  0.00703125  -178.05082274   0.00366360
  0.00705078  -179.50472157   0.00386048
  0.00707031  -180.95702843   0.00382515
  0.00708984  -182.40788032   0.00355903
  0.00710938  -183.85741198   0.00307744
  0.00712891  -185.30575571   0.00240867
  0.00714844  -186.75304114   0.00159240
  0.00716797  -188.19939505   0.00067726
  0.00718750  -189.64494118  -0.00028195
  0.00720703  -191.08979999  -0.00122761
  0.00722656  -192.53408853  -0.00210269
  0.00724609  -193.97792018  -0.00285420
  0.00726563  -195.42140452  -0.00343635
  0.00728516  -196.86464710  -0.00381337
  0.00730469  -198.30774928  -0.00396167
  0.00732422  -199.75080805  -0.00387134
  0.00734375  -201.19391584  -0.00354677
  0.00736328  -202.63716037  -0.00300648
  0.00738281  -204.08062444  -0.00228206
  0.00740234  -205.52438583  -0.00141632
  0.00742188  -206.96851707  -0.00046081
  0.00744141  -208.41308531   0.00052728
  0.00746094  -209.85815222   0.00148847
  0.00748047  -211.30377373   0.00236462
  0.00750000  -212.75000000   0.00310238
  0.00751953  -214.19687522   0.00365647
  0.00753906  -215.64443749   0.00399238
  0.00755859  -217.09271869   0.00408858
  0.00757812  -218.54174438   0.00393786
  0.00759766  -219.99153366   0.00354783
  0.00761719  -221.44209905   0.00294060
  0.00763672  -222.89344643   0.00215149
  0.00765625  -224.34557487   0.00122705
  0.00767578  -225.79847663   0.00022227
  0.00769531  -227.25213698  -0.00080262
  0.00771484  -228.70653418  -0.00178576
  0.00773437  -230.16163938  -0.00266738
  0.00775391  -231.61741655  -0.00339339
  0.00777344  -233.07382244  -0.00391870
  0.00779297  -234.53080649  -0.00421001
  0.00781250  -235.98831083  -0.00424787
  0.00783203  -237.44627018  -0.00402801
  0.00785156  -238.90461186  -0.00356169
  0.00787109  -240.36325574  -0.00287514
  0.00789063  -241.82211421  -0.00200817
  0.00791016  -243.28109221  -0.00101181
  0.00792969  -244.74008715   0.00005462
  0.00794922  -246.19898898   0.00112701
  0.00796875  -247.65768016   0.00214029
  0.00798828  -249.11603566   0.00303236
  0.00800781  -250.57392300   0.00374785
  0.00802734  -252.03120230   0.00424152
  0.00804688  -253.48772626   0.00448112
  0.00806641  -254.94334024   0.00444945
  0.00808594  -256.39788228   0.00414559
  0.00810547  -257.85118319   0.00358513
  0.00812500  -259.30306658   0.00279937
  0.00814453  -260.75334895   0.00183372
  0.00816406  -262.20183974   0.00074500
  0.00818359  -263.64834144  -0.00040176
  0.00820313  -265.09264964  -0.00153718
  0.00822266  -266.53455319  -0.00259168
  0.00824219  -267.97383422  -0.00349967
  0.00826172  -269.41026833  -0.00420361
  0.00828125  -270.84362462  -0.00465755
  0.00830078  -272.27366589  -0.00483015
  0.00832031  -273.70014873  -0.00470676
  0.00833984  -275.12282363  -0.00429061
  0.00835938  -276.54143516  -0.00360286
  0.00837891  -277.95572212  -0.00268167
  0.00839844  -279.36541764  -0.00158014
  0.00841797  -280.77024939  -0.00036338
  0.00843750  -282.16993970   0.00089522
  0.00845703  -283.56420577   0.00211831
  0.00847656  -284.95275981   0.00322919
  0.00849609  -286.33530923   0.00415648
  0.00851563  -287.71155683   0.00483864
  0.00853516  -289.08120098   0.00522788
  0.00855469  -290.44393581   0.00529348
  0.00857422  -291.79945140   0.00502407
  0.00859375  -293.14743402   0.00442884
  0.00861328  -294.48756630   0.00353761
  0.00863281  -295.81952743   0.00239958
  0.00865234  -297.14299342   0.00108094
  0.00867188  -298.45763728  -0.00033856
  0.00869141  -299.76312926  -0.00177007
  0.00871094  -301.05913704  -0.00312072
  0.00873047  -302.34532602  -0.00429918
  0.00875000  -303.62135950  -0.00522136
  0.00876953  -304.88689892  -0.00581595
  0.00878906  -306.14160411  -0.00602952
  0.00880859  -307.38513353  -0.00583093
  0.00882813  -308.61714450  -0.00521471
  0.00884766  -309.83729344  -0.00420333
  0.00886719  -311.04523611  -0.00284818
  0.00888672  -312.24062787  -0.00122917
  0.00890625  -313.42312395   0.00054694
  0.00892578  -314.59237961   0.00234958
  0.00894531  -315.74805050   0.00402840
  0.00896484  -316.88979284   0.00541827
  0.00898438  -318.01726367   0.00634495
  0.00900391  -319.13012113   0.00663109
  0.00902344  -320.22802470   0.00610230
  0.00904297  -321.31063543   0.00459298
  0.00906250  -322.37761624   0.00195163
  0.00908203  -323.42863208  -0.00195465
  0.00910156  -324.46335028  -0.00723665
  0.00912109  -325.48144073  -0.01398063
  0.00914062  -326.48257614  -0.02224726
  0.00916016  -327.46643229  -0.03207172
  0.00917969  -328.43268828  -0.04346500
  0.00919922  -329.38102674  -0.05641636
  0.00921875  -330.31113411  -0.07089660
  0.00923828  -331.22270085  -0.08686211
  0.00925781  -332.11542166  -0.10425925
  0.00927734  -332.98899575  -0.12302895
  0.00929687  -333.84312703  -0.14311111
  0.00931641  -334.67752435  -0.16444868
  0.00933594  -335.49190174  -0.18699102
  0.00935547  -336.28597858  -0.21069652
  0.00937500  -337.05947986  -0.23553415
  0.00939453  -337.81213637  -0.26148412
  0.00941406  -338.54368490  -0.28853734
  0.00943359  -339.25386844  -0.31669400
  0.00945312  -339.94243640  -0.34596126
  0.00947266  -340.60914479  -0.37635027
  0.00949219  -341.25375638  -0.40787265
  0.00951172  -341.87604094  -0.44053682
  0.00953125  -342.47577534  -0.47434436
  0.00955078  -343.05274380  -0.50928668
  0.00957031  -343.60673801  -0.54534217
  0.00958984  -344.13755730  -0.58247416
  0.00960937  -344.64500879  -0.62062980
  0.00962891  -345.12890757  -0.65973986
  0.00964844  -345.58907679  -0.69971968
  0.00966797  -346.02534784  -0.74047106
  0.00968750  -346.43756047  -0.78188509
  0.00970703  -346.82556290  -0.82384576
  0.00972656  -347.18921195  -0.86623406
  0.00974609  -347.52837315  -0.90893241
  0.00976563  -347.84292086  -0.95182915
  0.00978516  -348.13273832  -0.99482272
  0.00980469  -348.39771780  -1.03782529
  0.00982422  -348.63776064  -1.08076571
  0.00984375  -348.85277735  -1.12359139
  0.00986328  -349.04268766  -1.16626914
  0.00988281  -349.20742062  -1.20878474
  0.00990234  -349.34691461  -1.25114139
  0.00992188  -349.46111740  -1.29335694
  0.00994141  -349.54998622  -1.33546022
  0.00996094  -349.61348777  -1.37748649
  0.00998047  -349.65159822  -1.41947246
  0.01000000  -349.66430330  -1.46145095
  0.01001953  -349.65159822  -1.50344582
  0.01003906  -349.61348777  -1.54546708
  0.01005859  -349.54998622  -1.58750694
  0.01007813  -349.46111740  -1.62953670
  0.01009766  -349.34691461  -1.67150484
  0.01011719  -349.20742062  -1.71333658
  0.01013672  -349.04268766  -1.75493469
  0.01015625  -348.85277735  -1.79618183
  0.01017578  -348.63776064  -1.83694414
  0.01019531  -348.39771780  -1.87707595
  0.01021484  -348.13273832  -1.91642540
  0.01023438  -347.84292086  -1.95484058
  0.01025391  -347.52837315  -1.99217588
  0.01027344  -347.18921195  -2.02829817
  0.01029297  -346.82556290  -2.06309245
  0.01031250  -346.43756047  -2.09646653
  0.01033203  -346.02534784  -2.12835460
  0.01035156  -345.58907679  -2.15871923
  0.01037109  -345.12890757  -2.18755178
  0.01039063  -344.64500879  -2.21487116
  0.01041016  -344.13755730  -2.24072085
  0.01042969  -343.60673801  -2.26516437
  0.01044922  -343.05274380  -2.28827945
  0.01046875  -342.47577534  -2.31015122
  0.01048828  -341.87604094  -2.33086466
  0.01050781  -341.25375638  -2.35049693
  0.01052734  -340.60914479  -2.36910991
  0.01054688  -339.94243640  -2.38674342
  0.01056641  -339.25386844  -2.40340962
  0.01058594  -338.54368490  -2.41908887
  0.01060547  -337.81213637  -2.43372741
  0.01062500  -337.05947986  -2.44723705
  0.01064453  -336.28597858  -2.45949694
  0.01066406  -335.49190174  -2.47035744
  0.01068359  -334.67752435  -2.47964594
  0.01070313  -333.84312703  -2.48717424
  0.01072266  -332.98899575  -2.49274731
  0.01074219  -332.11542166  -2.49617281
  0.01076172  -331.22270085  -2.49727092
  0.01078125  -330.31113411  -2.49588389
  0.01080078  -329.38102674  -2.49188474
  0.01082031  -328.43268828  -2.48518451
  0.01083984  -327.46643229  -2.47573778
  0.01085938  -326.48257614  -2.46354568
  0.01087891  -325.48144073  -2.44865654
  0.01089844  -324.46335028  -2.43116373
  0.01091797  -323.42863208  -2.41120073
  0.01093750  -322.37761624  -2.38893377
  0.01095703  -321.31063543  -2.36455207
  0.01097656  -320.22802470  -2.33825635
  0.01099609  -319.13012113  -2.31024607
  0.01101563  -318.01726367  -2.28070609
  0.01103516  -316.88979284  -2.24979347
  0.01105469  -315.74805050  -2.21762517
  0.01107422  -314.59237961  -2.18426748
  0.01109375  -313.42312395  -2.14972764
  0.01111328  -312.24062787  -2.11394854
  0.01113281  -311.04523611  -2.07680683
  0.01115234  -309.83729344  -2.03811463
  0.01117188  -308.61714450  -1.99762531
  0.01119141  -307.38513353  -1.95504291
  0.01121094  -306.14160411  -1.91003525
  0.01123047  -304.88689892  -1.86225008
  0.01125000  -303.62135950  -1.81133375
  0.01126953  -302.34532602  -1.75695158
  0.01128906  -301.05913704  -1.69880906
  0.01130859  -299.76312926  -1.63667291
  0.01132813  -298.45763728  -1.57039090
  0.01134766  -297.14299342  -1.49990958
  0.01136719  -295.81952743  -1.42528889
  0.01138672  -294.48756630  -1.34671288
  0.01140625  -293.14743402  -1.26449577
  0.01142578  -291.79945140  -1.17908304
  0.01144531  -290.44393581  -1.09104716
  0.01146484  -289.08120098  -1.00107795
  0.01148438  -287.71155683  -0.90996780
  0.01150391  -286.33530923  -0.81859224
  0.01152344  -284.95275981  -0.72788644
  0.01154297  -283.56420577  -0.63881858
  0.01156250  -282.16993970  -0.55236104
  0.01158203  -280.77024939  -0.46946065
  0.01160156  -279.36541764  -0.39100906
  0.01162109  -277.95572212  -0.31781457
  0.01164063  -276.54143516  -0.25057644
  0.01166016  -275.12282363  -0.18986288
  0.01167969  -273.70014873  -0.13609354
  0.01169922  -272.27366589  -0.08952728
  0.01171875  -270.84362462  -0.05025564
  0.01173828  -269.41026833  -0.01820237
  0.01175781  -267.97383422   0.00687099
  0.01177734  -266.53455319   0.02535390
  0.01179688  -265.09264964   0.03777018
  0.01181641  -263.64834144   0.04475701
  0.01183594  -262.20183974   0.04704020
  0.01185547  -260.75334895   0.04540688
  0.01187500  -259.30306658   0.04067689
  0.01189453  -257.85118319   0.03367381
  0.01191406  -256.39788228   0.02519706
  0.01193359  -254.94334024   0.01599598
  0.01195313  -253.48772626   0.00674712
  0.01197266  -252.03120230  -0.00196470
  0.01199219  -250.57392300  -0.00966059
  0.01201172  -249.11603566  -0.01597689
  0.01203125  -247.65768016  -0.02066920
  0.01205078  -246.19898898  -0.02361126
  0.01207031  -244.74008715  -0.02478893
  0.01208984  -243.28109221  -0.02428973
  0.01210938  -241.82211421  -0.02228866
  0.01212891  -240.36325574  -0.01903113
  0.01214844  -238.90461186  -0.01481376
  0.01216797  -237.44627018  -0.00996429
  0.01218750  -235.98831083  -0.00482137
  0.01220703  -234.53080649   0.00028470
  0.01222656  -233.07382244   0.00504947
  0.01224609  -231.61741655   0.00920926
  0.01226563  -230.16163938   0.01255301
  0.01228516  -228.70653418   0.01493056
  0.01230469  -227.25213698   0.01625719
  0.01232422  -225.79847663   0.01651432
  0.01234375  -224.34557487   0.01574665
  0.01236328  -222.89344643   0.01405601
  0.01238281  -221.44209905   0.01159239
  0.01240234  -219.99153366   0.00854285
  0.01242188  -218.54174438   0.00511891
  0.01244141  -217.09271869   0.00154329
  0.01246094  -215.64443749  -0.00196338
  0.01248047  -214.19687522  -0.00519506
  0.01250000  -212.75000000  -0.00797144
  0.01251953  -211.30377373  -0.01014706
  0.01253906  -209.85815222  -0.01161812
  0.01255859  -208.41308531  -0.01232662
  0.01257813  -206.96851707  -0.01226175
  0.01259766  -205.52438583  -0.01145856
  0.01261719  -204.08062444  -0.00999399
  0.01263672  -202.63716037  -0.00798084
  0.01265625  -201.19391584  -0.00555977
  0.01267578  -199.75080805  -0.00289010
  0.01269531  -198.30774928  -0.00013989
  0.01271484  -196.86464710   0.00252415
  0.01273438  -195.42140452   0.00494633
  0.01275391  -193.97792018   0.00699060
  0.01277344  -192.53408853   0.00854783
  0.01279297  -191.08979999   0.00954122
  0.01281250  -189.64494118   0.00992976
  0.01283203  -188.19939505   0.00970941
  0.01285156  -186.75304114   0.00891218
  0.01287109  -185.30575571   0.00760314
  0.01289063  -183.85741198   0.00587556
  0.01291016  -182.40788032   0.00384465
  0.01292969  -180.95702843   0.00164016
  0.01294922  -179.50472157  -0.00060169
  0.01296875  -178.05082274  -0.00274628
  0.01298828  -176.59519291  -0.00466856
  0.01300781  -175.13769121  -0.00625998
  0.01302734  -173.67817513  -0.00743454
  0.01304687  -172.21650075  -0.00813313
  0.01306641  -170.75252292  -0.00832637
  0.01308594  -169.28609552  -0.00801551
  0.01310547  -167.81707160  -0.00723161
  0.01312500  -166.34530364  -0.00603298
  0.01314453  -164.87064373  -0.00450102
  0.01316406  -163.39294382  -0.00273494
  0.01318359  -161.91205585  -0.00084545
  0.01320313  -160.42783205   0.00105200
  0.01322266  -158.94012507   0.00284417
  0.01324219  -157.44878822   0.00442658
  0.01326172  -155.95367568   0.00570954
  0.01328125  -154.45464265   0.00662309
  0.01330078  -152.95154563   0.00712066
  0.01332031  -151.44424254   0.00718136
  0.01333984  -149.93259297   0.00681064
  0.01335938  -148.41645831   0.00603944
  0.01337891  -146.89570202   0.00492180
  0.01339844  -145.37018976   0.00353127
  0.01341797  -143.83978957   0.00195609
  0.01343750  -142.30437209   0.00029376
  0.01345703  -140.76381071  -0.00135493
  0.01347656  -139.21798174  -0.00289193
  0.01349609  -137.66676460  -0.00422766
  0.01351563  -136.11004196  -0.00528613
  0.01353516  -134.54769994  -0.00600924
  0.01355469  -132.97962823  -0.00635982
  0.01357422  -131.40572024  -0.00632352
  0.01359375  -129.82587330  -0.00590921
  0.01361328  -128.23998875  -0.00514807
  0.01363281  -126.64797212  -0.00409136
  0.01365234  -125.04973321  -0.00280705
  0.01367188  -123.44518631  -0.00137550
  0.01369141  -121.83425022   0.00011548
  0.01371094  -120.21684845   0.00157598
  0.01373047  -118.59290931   0.00291935
  0.01375000  -116.96236599   0.00406723
  0.01376953  -115.32515670   0.00495416
  0.01378906  -113.68122476   0.00553116
  0.01380859  -112.03051870   0.00576845
  0.01382813  -110.37299230   0.00565689
  0.01384766  -108.70860474   0.00520826
  0.01386719  -107.03732063   0.00445420
  0.01388672  -105.35911007   0.00344406
  0.01390625  -103.67394876   0.00224176
  0.01392578  -101.98181800   0.00092173
  0.01394531  -100.28270481  -0.00043559
  0.01396484  -98.57660188  -0.00174867
  0.01398438  -96.86350771  -0.00293970
  0.01400391  -95.14342655  -0.00393918
  0.01402344  -93.41636852  -0.00468992
  0.01404297  -91.68234952  -0.00515029
  0.01406250  -89.94139135  -0.00529649
  0.01408203  -88.19352164  -0.00512373
  0.01410156  -86.43877389  -0.00464628
  0.01412109  -84.67718745  -0.00389638
  0.01414063  -82.90880751  -0.00292211
  0.01416016  -81.13368509  -0.00178434
  0.01417969  -79.35187700  -0.00055297
  0.01419922  -77.56344582   0.00069737
  0.01421875  -75.76845987   0.00189176
  0.01423828  -73.96699314   0.00295948
  0.01425781  -72.15912528   0.00383814
  0.01427734  -70.34494151   0.00447735
  0.01429688  -68.52453260   0.00484152
  0.01431641  -66.69799474   0.00491185
  0.01433594  -64.86542953   0.00468725
  0.01435547  -63.02694389   0.00418424
  0.01437500  -61.18264993   0.00343577
  0.01439453  -59.33266492   0.00248908
  0.01441406  -57.47711118   0.00140274
  0.01443359  -55.61611595   0.00024307
  0.01445313  -53.74981132  -0.00091988
  0.01447266  -51.87833410  -0.00201656
  0.01449219  -50.00182572  -0.00298207
  0.01451172  -48.12043209  -0.00375990
  0.01453125  -46.23430352  -0.00430532
  0.01455078  -44.34359452  -0.00458786
  0.01457031  -42.44846373  -0.00459299
  0.01458984  -40.54907375  -0.00432291
  0.01460938  -38.64559102  -0.00379619
  0.01462891  -36.73818565  -0.00304657
  0.01464844  -34.82703129  -0.00212078
  0.01466797  -32.91230495  -0.00107569
  0.01468750  -30.99418689   0.00002521
  0.01470703  -29.07286040   0.00111561
  0.01472656  -27.14851170   0.00213039
  0.01474609  -25.22132973   0.00300945
  0.01476563  -23.29150599   0.00370128
  0.01478516  -21.35923436   0.00416596
  0.01480469  -19.42471097   0.00437745
  0.01482422  -17.48813395   0.00432500
  0.01484375  -15.54970333   0.00401373
  0.01486328  -13.60962080   0.00346415
  0.01488281  -11.66808956   0.00271089
  0.01490234   -9.72531410   0.00180047
  0.01492188   -7.78150006   0.00078847
  0.01494141   -5.83685403  -0.00026385
  0.01496094   -3.89158335  -0.00129325
  0.01498047   -1.94589591  -0.00223827
  0.01500000   -0.00000000  -0.00304291
  0.01501953    1.94589591  -0.00365994
  0.01503906    3.89158335  -0.00405363
  0.01505859    5.83685403  -0.00420182
  0.01507813    7.78150006  -0.00409718
  0.01509766    9.72531410  -0.00374751
  0.01511719   11.66808956  -0.00317522
  0.01513672   13.60962080  -0.00241589
  0.01515625   15.54970333  -0.00151606
  0.01517578   17.48813395  -0.00053041
  0.01519531   19.42471097   0.00048156
  0.01521484   21.35923436   0.00145912
  0.01523438   23.29150599   0.00234391
  0.01525391   25.22132973   0.00308346
  0.01527344   27.14851170   0.00363424
  0.01529297   29.07286040   0.00396423
  0.01531250   30.99418689   0.00405480
  0.01533203   32.91230495   0.00390170
  0.01535156   34.82703129   0.00351528
  0.01537109   36.73818565   0.00291982
  0.01539063   38.64559102   0.00215195
  0.01541016   40.54907375   0.00125847
  0.01542969   42.44846373   0.00029345
  0.01544922   44.34359452  -0.00068497
  0.01546875   46.23430352  -0.00161812
  0.01548828   48.12043209  -0.00245028
  0.01550781   50.00182572  -0.00313202
  0.01552734   51.87833410  -0.00362309
  0.01554688   53.74981132  -0.00389483
  0.01556641   55.61611595  -0.00393180
  0.01558594   57.47711118  -0.00373266
  0.01560547   59.33266492  -0.00331024
  0.01562500   61.18264993  -0.00269063
  0.01564453   63.02694389  -0.00191168
  0.01566406   64.86542953  -0.00102062
  0.01568359   66.69799474  -0.00007122
  0.01570313   68.52453260   0.00087941
  0.01572266   70.34494151   0.00177428
  0.01574219   72.15912528   0.00255992
  0.01576172   73.96699314   0.00318957
  0.01578125   75.76845987   0.00362591
  0.01580078   77.56344582   0.00384334
  0.01582031   79.35187700   0.00382941
  0.01583984   81.13368509   0.00358558
  0.01585938   82.90880751   0.00312705
  0.01587891   84.67718745   0.00248185
  0.01589844   86.43877389   0.00168911
  0.01591797   88.19352164   0.00079672
  0.01593750   89.94139135  -0.00014158
  0.01595703   91.68234952  -0.00106941
  0.01597656   93.41636852  -0.00193114
  0.01599609   95.14342655  -0.00267522
  0.01601562   96.86350771  -0.00325722
  0.01603516   98.57660188  -0.00364253
  0.01605469  100.28270481  -0.00380836
  0.01607422  101.98181800  -0.00374511
  0.01609375  103.67394876  -0.00345694
  0.01611328  105.35911007  -0.00296146
  0.01613281  107.03732063  -0.00228869
  0.01615234  108.70860474  -0.00147921
  0.01617188  110.37299230  -0.00058179
  0.01619141  112.03051870   0.00034963
  0.01621094  113.68122476   0.00125911
  0.01623047  115.32515670   0.00209208
  0.01625000  116.96236599   0.00279861
  0.01626953  118.59290931   0.00333639
  0.01628906  120.21684845   0.00367324
  0.01630859  121.83425022   0.00378906
  0.01632812  123.44518631   0.00367702
  0.01634766  125.04973321   0.00334394
  0.01636719  126.64797212   0.00280990
  0.01638672  128.23998875   0.00210701
  0.01640625  129.82587330   0.00127751
  0.01642578  131.40572024   0.00037124
  0.01644531  132.97962823  -0.00055738
  0.01646484  134.54769994  -0.00145257
  0.01648438  136.11004196  -0.00226056
  0.01650391  137.66676460  -0.00293279
  0.01652344  139.21798174  -0.00342883
  0.01654297  140.76381071  -0.00371880
  0.01656250  142.30437209  -0.00378517
  0.01658203  143.83978957  -0.00362383
  0.01660156  145.37018976  -0.00324430
  0.01662109  146.89570202  -0.00266923
  0.01664062  148.41645831  -0.00193300
  0.01666016  149.93259297  -0.00107971
  0.01667969  151.44424254  -0.00016053
  0.01669922  152.95154563   0.00076938
  0.01671875  154.45464265   0.00165411
  0.01673828  155.95367568   0.00244043
  0.01675781  157.44878822   0.00308093
  0.01677734  158.94012507   0.00353686
  0.01679687  160.42783205   0.00378053
  0.01681641  161.91205585   0.00379693
  0.01683594  163.39294382   0.00358466
  0.01685547  164.87064373   0.00315607
  0.01687500  166.34530364   0.00253651
  0.01689453  167.81707160   0.00176287
  0.01691406  169.28609552   0.00088135
  0.01693359  170.75252292  -0.00005525
  0.01695312  172.21650075  -0.00099071
  0.01697266  173.67817513  -0.00186873
  0.01699219  175.13769121  -0.00263632
  0.01701172  176.59519291  -0.00324701
  0.01703125  178.05082274  -0.00366360
  0.01705078  179.50472157  -0.00386048
  0.01707031  180.95702843  -0.00382515
  0.01708984  182.40788032  -0.00355903
  0.01710938  183.85741198  -0.00307744
  0.01712891  185.30575571  -0.00240867
  0.01714844  186.75304114  -0.00159240
  0.01716797  188.19939505  -0.00067726
  0.01718750  189.64494118   0.00028195
  0.01720703  191.08979999   0.00122761
  0.01722656  192.53408853   0.00210269
  0.01724609  193.97792018   0.00285420
  0.01726563  195.42140452   0.00343635
  0.01728516  196.86464710   0.00381337
  0.01730469  198.30774928   0.00396167
  0.01732422  199.75080805   0.00387134
  0.01734375  201.19391584   0.00354677
  0.01736328  202.63716037   0.00300648
  0.01738281  204.08062444   0.00228206
  0.01740234  205.52438583   0.00141632
  0.01742188  206.96851707   0.00046081
  0.01744141  208.41308531  -0.00052728
  0.01746094  209.85815222  -0.00148847
  0.01748047  211.30377373  -0.00236462
  0.01750000  212.75000000  -0.00310238
  0.01751953  214.19687522  -0.00365647
  0.01753906  215.64443749  -0.00399238
  0.01755859  217.09271869  -0.00408858
  0.01757813  218.54174438  -0.00393786
  0.01759766  219.99153366  -0.00354783
  0.01761719  221.44209905  -0.00294060
  0.01763672  222.89344643  -0.00215149
  0.01765625  224.34557487  -0.00122705
  0.01767578  225.79847663  -0.00022227
  0.01769531  227.25213698   0.00080262
  0.01771484  228.70653418   0.00178576
  0.01773438  230.16163938   0.00266738
  0.01775391  231.61741655   0.00339339
  0.01777344  233.07382244   0.00391870
  0.01779297  234.53080649   0.00421001
  0.01781250  235.98831083   0.00424787
  0.01783203  237.44627018   0.00402801
  0.01785156  238.90461186   0.00356169
  0.01787109  240.36325574   0.00287514
  0.01789063  241.82211421   0.00200817
  0.01791016  243.28109221   0.00101181
  0.01792969  244.74008715  -0.00005462
  0.01794922  246.19898898  -0.00112701
  0.01796875  247.65768016  -0.00214029
  0.01798828  249.11603566  -0.00303236
  0.01800781  250.57392300  -0.00374785
  0.01802734  252.03120230  -0.00424152
  0.01804688  253.48772626  -0.00448112
  0.01806641  254.94334024  -0.00444945
  0.01808594  256.39788228  -0.00414559
  0.01810547  257.85118319  -0.00358513
  0.01812500  259.30306658  -0.00279937
  0.01814453  260.75334895  -0.00183372
  0.01816406  262.20183974  -0.00074500
  0.01818359  263.64834144   0.00040176
  0.01820313  265.09264964   0.00153718
  0.01822266  266.53455319   0.00259168
  0.01824219  267.97383422   0.00349967
  0.01826172  269.41026833   0.00420361
  0.01828125  270.84362462   0.00465755
  0.01830078  272.27366589   0.00483015
  0.01832031  273.70014873   0.00470676
  0.01833984  275.12282363   0.00429061
  0.01835938  276.54143516   0.00360286
  0.01837891  277.95572212   0.00268167
  0.01839844  279.36541764   0.00158014
  0.01841797  280.77024939   0.00036338
  0.01843750  282.16993970  -0.00089522
  0.01845703  283.56420577  -0.00211831
  0.01847656  284.95275981  -0.00322919
  0.01849609  286.33530923  -0.00415648
  0.01851563  287.71155683  -0.00483864
  0.01853516  289.08120098  -0.00522788
  0.01855469  290.44393581  -0.00529348
  0.01857422  291.79945140  -0.00502407
  0.01859375  293.14743402  -0.00442884
  0.01861328  294.48756630  -0.00353761
  0.01863281  295.81952743  -0.00239958
  0.01865234  297.14299342  -0.00108094
  0.01867188  298.45763728   0.00033856
  0.01869141  299.76312926   0.00177007
  0.01871094  301.05913704   0.00312072
  0.01873047  302.34532602   0.00429918
  0.01875000  303.62135950   0.00522136
  0.01876953  304.88689892   0.00581595
  0.01878906  306.14160411   0.00602952
  0.01880859  307.38513353   0.00583093
  0.01882813  308.61714450   0.00521471
  0.01884766  309.83729344   0.00420333
  0.01886719  311.04523611   0.00284818
  0.01888672  312.24062787   0.00122917
  0.01890625  313.42312395  -0.00054694
  0.01892578  314.59237961  -0.00234958
  0.01894531  315.74805050  -0.00402840
  0.01896484  316.88979284  -0.00541827
  0.01898438  318.01726367  -0.00634495
  0.01900391  319.13012113  -0.00663109
  0.01902344  320.22802470  -0.00610230
  0.01904297  321.31063543  -0.00459298
  0.01906250  322.37761624  -0.00195163
  0.01908203  323.42863208   0.00195465
  0.01910156  324.46335028   0.00723665
  0.01912109  325.48144073   0.01398063
  0.01914063  326.48257614   0.02224726
  0.01916016  327.46643229   0.03207172
  0.01917969  328.43268828   0.04346500
  0.01919922  329.38102674   0.05641636
  0.01921875  330.31113411   0.07089660
  0.01923828  331.22270085   0.08686211
  0.01925781  332.11542166   0.10425925
  0.01927734  332.98899575   0.12302895
  0.01929688  333.84312703   0.14311111
  0.01931641  334.67752435   0.16444868
  0.01933594  335.49190174   0.18699102
  0.01935547  336.28597858   0.21069652
  0.01937500  337.05947986   0.23553415
  0.01939453  337.81213637   0.26148412
  0.01941406  338.54368490   0.28853734
  0.01943359  339.25386844   0.31669400
  0.01945313  339.94243640   0.34596126
  0.01947266  340.60914479   0.37635027
  0.01949219  341.25375638   0.40787265
  0.01951172  341.87604094   0.44053682
  0.01953125  342.47577534   0.47434436
  0.01955078  343.05274380   0.50928668
  0.01957031  343.60673801   0.54534217
  0.01958984  344.13755730   0.58247416
  0.01960938  344.64500879   0.62062980
  0.01962891  345.12890757   0.65973986
  0.01964844  345.58907679   0.69971968
  0.01966797  346.02534784   0.74047106
  0.01968750  346.43756047   0.78188509
  0.01970703  346.82556290   0.82384576
  0.01972656  347.18921195   0.86623406
  0.01974609  347.52837315   0.90893241
  0.01976563  347.84292086   0.95182915
  0.01978516  348.13273832   0.99482272
  0.01980469  348.39771780   1.03782529
  0.01982422  348.63776064   1.08076571
  0.01984375  348.85277735   1.12359139
  0.01986328  349.04268766   1.16626914
  0.01988281  349.20742062   1.20878474
  0.01990234  349.34691461   1.25114139
  0.01992188  349.46111740   1.29335694
  0.01994141  349.54998622   1.33546022
  0.01996094  349.61348777   1.37748649
  0.01998047  349.65159822   1.41947246
