  0.00000000  349.66430330   0.44019659
  0.00001953  349.64914924   0.44538117
  0.00003906  349.60369496   0.45055590
  0.00005859  349.52796415   0.45571674
  0.00007813  349.42199629   0.46086037
  0.00009766  349.28584658   0.46598429
  0.00011719  349.11958590   0.47108695
  0.00013672  348.92330080   0.47616779
  0.00015625  348.69709333   0.48122719
  0.00017578  348.44108103   0.48626639
  0.00019531  348.15539680   0.49128741
  0.00021484  347.84018877   0.49629284
  0.00023437  347.49562019   0.50128564
  0.00025391  347.12186928   0.50626896
  0.00027344  346.71912905   0.51124586
  0.00029297  346.28760717   0.51621912
  0.00031250  345.82752579   0.52119103
  0.00033203  345.33912128   0.52616324
  0.00035156  344.82264409   0.53113662
  0.00037109  344.27835852   0.53611118
  0.00039063  343.70654245   0.54108606
  0.00041016  343.10748714   0.54605954
  0.00042969  342.48149695   0.55102911
  0.00044922  341.82888908   0.55599163
  0.00046875  341.14999331   0.56094345
  0.00048828  340.44515165   0.56588062
  0.00050781  339.71471813   0.57079910
  0.00052734  338.95905843   0.57569493
  0.00054688  338.17854956   0.58056447
  0.00056641  337.37357955   0.58540459
  0.00058594  336.54454713   0.59021275
  0.00060547  335.69186133   0.59498720
  0.00062500  334.81594116   0.59972698
  0.00064453  333.91721524   0.60443195
  0.00066406  332.99612142   0.60910279
  0.00068359  332.05310641   0.61374089
  0.00070312  331.08862535   0.61834822
  0.00072266  330.10314148   0.62292724
  0.00074219  329.09712569   0.62748063
  0.00076172  328.07105612   0.63201120
  0.00078125  327.02541776   0.63652160
  0.00080078  325.96070201   0.64101422
  0.00082031  324.87740625   0.64549096
  0.00083984  323.77603345   0.64995314
  0.00085938  322.65709168   0.65440141
  0.00087891  321.52109372   0.65883563
  0.00089844  320.36855658   0.66325496
  0.00091797  319.20000106   0.66765780
  0.00093750  318.01595134   0.67204194
  0.00095703  316.81693446   0.67640465
  0.00097656  315.60347994   0.68074283
  0.00099609  314.37611927   0.68505316
  0.00101563  313.13538549   0.68933232
  0.00103516  311.88181270   0.69357714
  0.00105469  310.61593563   0.69778480
  0.00107422  309.33828919   0.70195293
  0.00109375  308.04940797   0.70607978
  0.00111328  306.74982584   0.71016428
  0.00113281  305.44007546   0.71420610
  0.00115234  304.12068784   0.71820562
  0.00117188  302.79219188   0.72216392
  0.00119141  301.45511394   0.72608270
  0.00121094  300.10997740   0.72996412
  0.00123047  298.75730218   0.73381071
  0.00125000  297.39760435   0.73762519
  0.00126953  296.03139567   0.74141027
  0.00128906  294.65918317   0.74516851
  0.00130859  293.28146873   0.74890215
  0.00132813  291.89874868   0.75261300
  0.00134766  290.51151332   0.75630225
  0.00136719  289.12024661   0.75997050
  0.00138672  287.72542571   0.76361765
  0.00140625  286.32752059   0.76724294
  0.00142578  284.92699368   0.77084497
  0.00144531  283.52429946   0.77442182
  0.00146484  282.11988410   0.77797114
  0.00148438  280.71418512   0.78149028
  0.00150391  279.30763099   0.78497649
  0.00152344  277.90064085   0.78842704
  0.00154297  276.49362413   0.79183941
  0.00156250  275.08698024   0.79521142
  0.00158203  273.68109825   0.79854138
  0.00160156  272.27635661   0.80182817
  0.00162109  270.87312283   0.80507133
  0.00164062  269.47175319   0.80827103
  0.00166016  268.07259251   0.81142814
  0.00167969  266.67597384   0.81454411
  0.00169922  265.28221825   0.81762092
  0.00171875  263.89163457   0.82066094
  0.00173828  262.50451917   0.82366682
  0.00175781  261.12115575   0.82664131
  0.00177734  259.74181513   0.82958711
  0.00179688  258.36675508   0.83250671
  0.00181641  256.99622010   0.83540225
  0.00183594  255.63044132   0.83827542
  0.00185547  254.26963630   0.84112733
  0.00187500  252.91400890   0.84395848
  0.00189453  251.56374919   0.84676874
  0.00191406  250.21903327   0.84955736
  0.00193359  248.88002326   0.85232302
  0.00195313  247.54686714   0.85506394
  0.00197266  246.21969872   0.85777796
  0.00199219  244.89863755   0.86046272
  0.00201172  243.58378894   0.86311578
  0.00203125  242.27524385   0.86573480
  0.00205078  240.97307891   0.86831767
  0.00207031  239.67735645   0.87086262
  0.00208984  238.38812444   0.87336840
  0.00210938  237.10541657   0.87583430
  0.00212891  235.82925227   0.87826024
  0.00214844  234.55963677   0.88064673
  0.00216797  233.29656113   0.88299492
  0.00218750  232.04000236   0.88530648
  0.00220703  230.78992351   0.88758352
  0.00222656  229.54627373   0.88982848
  0.00224609  228.30898844   0.89204401
  0.00226562  227.07798944   0.89423277
  0.00228516  225.85318504   0.89639733
  0.00230469  224.63447024   0.89854000
  0.00232422  223.42172688   0.90066270
  0.00234375  222.21482384   0.90276687
  0.00236328  221.01361721   0.90485338
  0.00238281  219.81795053   0.90692249
  0.00240234  218.62765496   0.90897385
  0.00242188  217.44254956   0.91100653
  0.00244141  216.26244149   0.91301906
  0.00246094  215.08712628   0.91500956
  0.00248047  213.91638810   0.91697585
  0.00250000  212.75000000   0.91891558
  0.00251953  211.58772424   0.92082638
  0.00253906  210.42931254   0.92270600
  0.00255859  209.27450642   0.92455246
  0.00257813  208.12303749   0.92636420
  0.00259766  206.97462776   0.92814010
  0.00261719  205.82899002   0.92987964
  0.00263672  204.68582811   0.93158288
  0.00265625  203.54483733   0.93325046
  0.00267578  202.40570477   0.93488361
  0.00269531  201.26810966   0.93648401
  0.00271484  200.13172377   0.93805375
  0.00273438  198.99621176   0.93959518
  0.00275391  197.86123158   0.94111078
  0.00277344  196.72643485   0.94260301
  0.00279297  195.59146726   0.94407415
  0.00281250  194.45596897   0.94552618
  0.00283203  193.31957502   0.94696068
  0.00285156  192.18191575   0.94837868
  0.00287109  191.04261718   0.94978067
  0.00289063  189.90130146   0.95116649
  0.00291016  188.75758728   0.95253540
  0.00292969  187.61109030   0.95388611
  0.00294922  186.46142357   0.95521684
  0.00296875  185.30819798   0.95652540
  0.00298828  184.15102266   0.95780939
  0.00300781  182.98950543   0.95906627
  0.00302734  181.82325323   0.96029352
  0.00304688  180.65187257   0.96148883
  0.00306641  179.47496995   0.96265016
  0.00308594  178.29215227   0.96377593
  0.00310547  177.10302733   0.96486504
  0.00312500  175.90720418   0.96591699
  0.00314453  174.70429363   0.96693185
  0.00316406  173.49390860   0.96791028
  0.00318359  172.27566463   0.96885346
  0.00320313  171.04918024   0.96976303
  0.00322266  169.81407736   0.97064099
  0.00324219  168.56998179   0.97148951
  0.00326172  167.31652354   0.97231087
  0.00328125  166.05333733   0.97310727
  0.00330078  164.78006291   0.97388067
  0.00332031  163.49634550   0.97463270
  0.00333984  162.20183618   0.97536451
  0.00335937  160.89619229   0.97607673
  0.00337891  159.57907777   0.97676938
  0.00339844  158.25016358   0.97744187
  0.00341797  156.90912804   0.97809301
  0.00343750  155.55565720   0.97872107
  0.00345703  154.18944520   0.97932389
  0.00347656  152.81019461   0.97989896
  0.00349609  151.41761674   0.98044354
  0.00351563  150.01143201   0.98095488
  0.00353516  148.59137026   0.98143027
  0.00355469  147.15717103   0.98186726
  0.00357422  145.70858390   0.98226377
  0.00359375  144.24536875   0.98261816
  0.00361328  142.76729605   0.98292936
  0.00363281  141.27414714   0.98319691
  0.00365234  139.76571449   0.98342093
  0.00367188  138.24180192   0.98360213
  0.00369141  136.70222487   0.98374175
  0.00371094  135.14681063   0.98384145
  0.00373047  133.57539851   0.98390319
  0.00375000  131.98784008   0.98392914
  0.00376953  130.38399938   0.98392144
  0.00378906  128.76375304   0.98388214
  0.00380859  127.12699051   0.98381302
  0.00382812  125.47361415   0.98371543
  0.00384766  123.80353945   0.98359024
  0.00386719  122.11669507   0.98343775
  0.00388672  120.41302304   0.98325762
  0.00390625  118.69247880   0.98304891
  0.00392578  116.95503135   0.98281006
  0.00394531  115.20066325   0.98253901
  0.00396484  113.42937077   0.98223328
  0.00398438  111.64116387   0.98189010
  0.00400391  109.83606629   0.98150652
  0.00402344  108.01411554   0.98107963
  0.00404297  106.17536294   0.98060664
  0.00406250  104.31987358   0.98008510
  0.00408203  102.44772634   0.97951295
  0.00410156  100.55901384   0.97888868
  0.00412109   98.65384244   0.97821140
  0.00414063   96.73233210   0.97748083
  0.00416016   94.79461640   0.97669735
  0.00417969   92.84084242   0.97586192
  0.00419922   90.87117064   0.97497605
  0.00421875   88.88577484   0.97404162
  0.00423828   86.88484198   0.97306084
  0.00425781   84.86857208   0.97203602
  0.00427734   82.83717806   0.97096945
  0.00429688   80.79088558   0.96986325
  0.00431641   78.72993289   0.96871921
  0.00433594   76.65457061   0.96753864
  0.00435547   74.56506159   0.96632231
  0.00437500   72.46168065   0.96507038
  0.00439453   70.34471441   0.96378232
  0.00441406   68.21446101   0.96245700
  0.00443359   66.07122994   0.96109264
  0.00445313   63.91534171   0.95968700
  0.00447266   61.74712765   0.95823742
  0.00449219   59.56692962   0.95674098
  0.00451172   57.37509971   0.95519468
  0.00453125   55.17199998   0.95359559
  0.00455078   52.95800213   0.95194100
  0.00457031   50.73348721   0.95022858
  0.00458984   48.49884529   0.94845653
  0.00460937   46.25447515   0.94662365
  0.00462891   44.00078390   0.94472940
  0.00464844   41.73818670   0.94277396
  0.00466797   39.46710635   0.94075817
  0.00468750   37.18797296   0.93868351
  0.00470703   34.90122358   0.93655200
  0.00472656   32.60730183   0.93436603
  0.00474609   30.30665750   0.93212828
  0.00476562   27.99974621   0.92984150
  0.00478516   25.68702896   0.92750836
  0.00480469   23.36897177   0.92513128
  0.00482422   21.04604530   0.92271226
  0.00484375   18.71872437   0.92025279
  0.00486328   16.38748764   0.91775369
  0.00488281   14.05281714   0.91521512
  0.00490234   11.71519788   0.91263652
  0.00492188    9.37511739   0.91001663
  0.00494141    7.03306538   0.90735357
  0.00496094    4.68953322   0.90464495
  0.00498047    2.34501359   0.90188802
  0.00500000    0.00000000   0.89907978
  0.00501953   -2.34501359   0.89621721
  0.00503906   -4.68953322   0.89329744
  0.00505859   -7.03306538   0.89031790
  0.00507813   -9.37511739   0.88727651
  0.00509766  -11.71519788   0.88417180
  0.00511719  -14.05281714   0.88100301
  0.00513672  -16.38748764   0.87777012
  0.00515625  -18.71872437   0.87447391
  0.00517578  -21.04604530   0.87111591
  0.00519531  -23.36897177   0.86769828
  0.00521484  -25.68702896   0.86422375
  0.00523438  -27.99974621   0.86069545
  0.00525391  -30.30665750   0.85711671
  0.00527344  -32.60730183   0.85349091
  0.00529297  -34.90122358   0.84982126
  0.00531250  -37.18797296   0.84611060
  0.00533203  -39.46710635   0.84236129
  0.00535156  -41.73818670   0.83857501
  0.00537109  -44.00078390   0.83475272
  0.00539063  -46.25447515   0.83089456
  0.00541016  -48.49884529   0.82699987
  0.00542969  -50.73348721   0.82306723
  0.00544922  -52.95800213   0.81909453
  0.00546875  -55.17199998   0.81507914
  0.00548828  -57.37509971   0.81101805
  0.00550781  -59.56692962   0.80690806
  0.00552734  -61.74712765   0.80274600
  0.00554687  -63.91534171   0.79852893
  0.00556641  -66.07122994   0.79425435
  0.00558594  -68.21446101   0.78992032
  0.00560547  -70.34471441   0.78552568
  0.00562500  -72.46168065   0.78107010
  0.00564453  -74.56506159   0.77655412
  0.00566406  -76.65457061   0.77197918
  0.00568359  -78.72993289   0.76734756
  0.00570312  -80.79088558   0.76266225
  0.00572266  -82.83717806   0.75792681
  0.00574219  -84.86857208   0.75314521
  0.00576172  -86.88484198   0.74832157
  0.00578125  -88.88577484   0.74345998
  0.00580078  -90.87117064   0.73856425
  0.00582031  -92.84084242   0.73363770
  0.00583984  -94.79461640   0.72868299
  0.00585938  -96.73233210   0.72370194
  0.00587891  -98.65384244   0.71869546
  0.00589844  -100.55901384   0.71366351
  0.00591797  -102.44772634   0.70860506
  0.00593750  -104.31987358   0.70351823
  0.00595703  -106.17536294   0.69840032
  0.00597656  -108.01411554   0.69324810
  0.00599609  -109.83606629   0.68805790
  0.00601563  -111.64116387   0.68282594
  0.00603516  -113.42937077   0.67754851
  0.00605469  -115.20066325   0.67222226
  0.00607422  -116.95503135   0.66684444
  0.00609375  -118.69247880   0.66141303
  0.00611328  -120.41302304   0.65592700
  0.00613281  -122.11669507   0.65038631
  0.00615234  -123.80353945   0.64479206
  0.00617188  -125.47361415   0.63914635
  0.00619141  -127.12699051   0.63345231
  0.00621094  -128.76375304   0.62771387
  0.00623047  -130.38399938   0.62193561
  0.00625000  -131.98784008   0.61612251
  0.00626953  -133.57539851   0.61027965
  0.00628906  -135.14681063   0.60441197
  0.00630859  -136.70222487   0.59852398
  0.00632813  -138.24180192   0.59261949
  0.00634766  -139.76571449   0.58670140
  0.00636719  -141.27414714   0.58077151
  0.00638672  -142.76729605   0.57483043
  0.00640625  -144.24536875   0.56887753
  0.00642578  -145.70858390   0.56291097
  0.00644531  -147.15717103   0.55692781
  0.00646484  -148.59137026   0.55092415
  0.00648438  -150.01143201   0.54489543
  0.00650391  -151.41761674   0.53883664
  0.00652344  -152.81019461   0.53274266
  0.00654297  -154.18944520   0.52660860
  0.00656250  -155.55565720   0.52043008
  0.00658203  -156.90912804   0.51420358
  0.00660156  -158.25016358   0.50792662
  0.00662109  -159.57907777   0.50159804
  0.00664062  -160.89619229   0.49521803
  0.00666016  -162.20183618   0.48878826
  0.00667969  -163.49634550   0.48231178
  0.00669922  -164.78006291   0.47579289
  0.00671875  -166.05333733   0.46923698
  0.00673828  -167.31652354   0.46265019
  0.00675781  -168.56998179   0.45603913
  0.00677734  -169.81407736   0.44941046
  0.00679688  -171.04918024   0.44277055
  0.00681641  -172.27566463   0.43612508
  0.00683594  -173.49390860   0.42947866
  0.00685547  -174.70429363   0.42283460
  0.00687500  -175.90720418   0.41619460
  0.00689453  -177.10302733   0.40955866
  0.00691406  -178.29215227   0.40292500
  0.00693359  -179.47496995   0.39629016
  0.00695313  -180.65187257   0.38964908
  0.00697266  -181.82325323   0.38299545
  0.00699219  -182.98950543   0.37632199
  0.00701172  -184.15102266   0.36962086
  0.00703125  -185.30819798   0.36288417
  0.00705078  -186.46142357   0.35610440
  0.00707031  -187.61109030   0.34927491
  0.00708984  -188.75758728   0.34239037
  0.00710938  -189.90130146   0.33544715
  0.00712891  -191.04261718   0.32844362
  0.00714844  -192.18191575   0.32138031
  0.00716797  -193.31957502   0.31426001
  0.00718750  -194.45596897   0.30708771
  0.00720703  -195.59146726   0.29987040
  0.00722656  -196.72643485   0.29261673
  0.00724609  -197.86123158   0.28533660
  0.00726563  -198.99621176   0.27804065
  0.00728516  -200.13172377   0.27073959
  0.00730469  -201.26810966   0.26344363
  0.00732422  -202.40570477   0.25616182
  0.00734375  -203.54483733   0.24890142
  0.00736328  -204.68582811   0.24166737
  0.00738281  -205.82899002   0.23446187
  0.00740234  -206.97462776   0.22728405
  0.00742188  -208.12303749   0.22012981
  0.00744141  -209.27450642   0.21299189
  0.00746094  -210.42931254   0.20586002
  0.00748047  -211.58772424   0.19872135
  0.00750000  -212.75000000   0.19156100
  0.00751953  -213.91638810   0.18436277
  0.00753906  -215.08712628   0.17711002
  0.00755859  -216.26244149   0.16978656
  0.00757812  -217.44254956   0.16237767
  0.00759766  -218.62765496   0.15487108
  0.00761719  -219.81795053   0.14725794
  0.00763672  -221.01361721   0.13953367
  0.00765625  -222.21482384   0.13169867
  0.00767578  -223.42172688   0.12375889
  0.00769531  -224.63447024   0.11572619
  0.00771484  -225.85318504   0.10761841
  0.00773437  -227.07798944   0.09945923
  0.00775391  -228.30898844   0.09127781
  0.00777344  -229.54627373   0.08310812
  0.00779297  -230.78992351   0.07498807
  0.00781250  -232.04000236   0.06695847
  0.00783203  -233.29656113   0.05906176
  0.00785156  -234.55963677   0.05134071
  0.00787109  -235.82925227   0.04383701
  0.00789063  -237.10541657   0.03658986
  0.00791016  -238.38812444   0.02963464
  0.00792969  -239.67735645   0.02300168
  0.00794922  -240.97307891   0.01671515
  0.00796875  -242.27524385   0.01079225
  0.00798828  -243.58378894   0.00524254
  0.00800781  -244.89863755   0.00006761
  0.00802734  -246.21969872  -0.00473896
  0.00804688  -247.54686714  -0.00919143
  0.00806641  -248.88002326  -0.01331134
  0.00808594  -250.21903327  -0.01712679
  0.00810547  -251.56374919  -0.02067143
  0.00812500  -252.91400890  -0.02398330
  0.00814453  -254.26963630  -0.02710351
  0.00816406  -255.63044132  -0.03007491
  0.00818359  -256.99622010  -0.03294059
  0.00820313  -258.36675508  -0.03574260
  0.00822266  -259.74181513  -0.03852061
  0.00824219  -261.12115575  -0.04131078
  0.00826172  -262.50451917  -0.04414481
  0.00828125  -263.89163457  -0.04704916
  0.00830078  -265.28221825  -0.05004458
  0.00832031  -266.67597384  -0.05314585
  0.00833984  -268.07259251  -0.05636173
  0.00835938  -269.47175319  -0.05969526
  0.00837891  -270.87312283  -0.06314418
  0.00839844  -272.27635661  -0.06670161
  0.00841797  -273.68109825  -0.07035682
  0.00843750  -275.08698024  -0.07409619
  0.00845703  -276.49362413  -0.07790417
  0.00847656  -277.90064085  -0.08176427
  0.00849609  -279.30763099  -0.08566003
  0.00851563  -280.71418512  -0.08957594
  0.00853516  -282.11988410  -0.09349819
  0.00855469  -283.52429946  -0.09741531
  0.00857422  -284.92699368  -0.10131865
  0.00859375  -286.32752059  -0.10520266
  0.00861328  -287.72542571  -0.10906500
  0.00863281  -289.12024661  -0.11290648
  0.00865234  -290.51151332  -0.11673080
  0.00867188  -291.89874868  -0.12054417
  0.00869141  -293.28146873  -0.12435482
  0.00871094  -294.65918317  -0.12817242
  0.00873047  -296.03139567  -0.13200741
  0.00875000  -297.39760435  -0.13587040
  0.00876953  -298.75730218  -0.13977154
  0.00878906  -300.10997740  -0.14371994
  0.00880859  -301.45511394  -0.14772317
  0.00882813  -302.79219188  -0.15178696
  0.00884766  -304.12068784  -0.15591484
  0.00886719  -305.44007546  -0.16010813
  0.00888672  -306.74982584  -0.16436587
  0.00890625  -308.04940797  -0.16868499
  0.00892578  -309.33828919  -0.17306056
  0.00894531  -310.61593563  -0.17748615
  0.00896484  -311.88181270  -0.18195419
  0.00898438  -313.13538549  -0.18645653
  0.00900391  -314.37611927  -0.19098483
  0.00902344  -315.60347994  -0.19553107
  0.00904297  -316.81693446  -0.20008801
  0.00906250  -318.01595134  -0.20464951
  0.00908203  -319.20000106  -0.20921088
  0.00910156  -320.36855658  -0.21376904
  0.00912109  -321.52109372  -0.21832268
  0.00914062  -322.65709168  -0.22287218
  0.00916016  -323.77603345  -0.22741957
  0.00917969  -324.87740625  -0.23196832
  0.00919922  -325.96070201  -0.23652307
  0.00921875  -327.02541776  -0.24108928
  0.00923828  -328.07105612  -0.24567290
  0.00925781  -329.09712569  -0.25027992
  0.00927734  -330.10314148  -0.25491607
  0.00929687  -331.08862535  -0.25958640
  0.00931641  -332.05310641  -0.26429501
  0.00933594  -332.99612142  -0.26904480
  0.00935547  -333.91721524  -0.27383732
  0.00937500  -334.81594116  -0.27867264
  0.00939453  -335.69186133  -0.28354940
  0.00941406  -336.54454713  -0.28846490
  0.00943359  -337.37357955  -0.29341523
  0.00945312  -338.17854956  -0.29839550
  0.00947266  -338.95905843  -0.30340017
  0.00949219  -339.71471813  -0.30842331
  0.00951172  -340.44515165  -0.31345892
  0.00953125  -341.14999331  -0.31850129
  0.00955078  -341.82888908  -0.32354528
  0.00957031  -342.48149695  -0.32858657
  0.00958984  -343.10748714  -0.33362185
  0.00960937  -343.70654245  -0.33864898
  0.00962891  -344.27835852  -0.34366704
  0.00964844  -344.82264409  -0.34867634
  0.00966797  -345.33912128  -0.35367830
  0.00968750  -345.82752579  -0.35867536
  0.00970703  -346.28760717  -0.36367072
  0.00972656  -346.71912905  -0.36866815
  0.00974609  -347.12186928  -0.37367169
  0.00976563  -347.49562019  -0.37868537
  0.00978516  -347.84018877  -0.38371294
  0.00980469  -348.15539680  -0.38875760
  0.00982422  -348.44108103  -0.39382182
  0.00984375  -348.69709333  -0.39890713
  0.00986328  -348.92330080  -0.40401403
  0.00988281  -349.11958590  -0.40914193
  0.00990234  -349.28584658  -0.41428916
  0.00992188  -349.42199629  -0.41945308
  0.00994141  -349.52796415  -0.42463017
  0.00996094  -349.60369496  -0.42981625
  0.00998047  -349.64914924  -0.43500667
  0.01000000  -349.66430330  -0.44019659
  0.01001953  -349.64914924  -0.44538117
  0.01003906  -349.60369496  -0.45055590
  0.01005859  -349.52796415  -0.45571674
  0.01007813  -349.42199629  -0.46086037
  0.01009766  -349.28584658  -0.46598429
  0.01011719  -349.11958590  -0.47108695
  0.01013672  -348.92330080  -0.47616779
  0.01015625  -348.69709333  -0.48122719
  0.01017578  -348.44108103  -0.48626639
  0.01019531  -348.15539680  -0.49128741
  0.01021484  -347.84018877  -0.49629284
  0.01023438  -347.49562019  -0.50128564
  0.01025391  -347.12186928  -0.50626896
  0.01027344  -346.71912905  -0.51124586
  0.01029297  -346.28760717  -0.51621912
  0.01031250  -345.82752579  -0.52119103
  0.01033203  -345.33912128  -0.52616324
  0.01035156  -344.82264409  -0.53113662
  0.01037109  -344.27835852  -0.53611118
  0.01039063  -343.70654245  -0.54108606
  0.01041016  -343.10748714  -0.54605954
  0.01042969  -342.48149695  -0.55102911
  0.01044922  -341.82888908  -0.55599163
  0.01046875  -341.14999331  -0.56094345
  0.01048828  -340.44515165  -0.56588062
  0.01050781  -339.71471813  -0.57079910
  0.01052734  -338.95905843  -0.57569493
  0.01054688  -338.17854956  -0.58056447
  0.01056641  -337.37357955  -0.58540459
  0.01058594  -336.54454713  -0.59021275
  0.01060547  -335.69186133  -0.59498720
  0.01062500  -334.81594116  -0.59972698
  0.01064453  -333.91721524  -0.60443195
  0.01066406  -332.99612142  -0.60910279
  0.01068359  -332.05310641  -0.61374089
  0.01070313  -331.08862535  -0.61834822
  0.01072266  -330.10314148  -0.62292724
  0.01074219  -329.09712569  -0.62748063
  0.01076172  -328.07105612  -0.63201120
  0.01078125  -327.02541776  -0.63652160
  0.01080078  -325.96070201  -0.64101422
  0.01082031  -324.87740625  -0.64549096
  0.01083984  -323.77603345  -0.64995314
  0.01085938  -322.65709168  -0.65440141
  0.01087891  -321.52109372  -0.65883563
  0.01089844  -320.36855658  -0.66325496
  0.01091797  -319.20000106  -0.66765780
  0.01093750  -318.01595134  -0.67204194
  0.01095703  -316.81693446  -0.67640465
  0.01097656  -315.60347994  -0.68074283
  0.01099609  -314.37611927  -0.68505316
  0.01101563  -313.13538549  -0.68933232
  0.01103516  -311.88181270  -0.69357714
  0.01105469  -310.61593563  -0.69778480
  0.01107422  -309.33828919  -0.70195293
  0.01109375  -308.04940797  -0.70607978
  0.01111328  -306.74982584  -0.71016428
  0.01113281  -305.44007546  -0.71420610
  0.01115234  -304.12068784  -0.71820562
  0.01117188  -302.79219188  -0.72216392
  0.01119141  -301.45511394  -0.72608270
  0.01121094  -300.10997740  -0.72996412
  0.01123047  -298.75730218  -0.73381071
  0.01125000  -297.39760435  -0.73762519
  0.01126953  -296.03139567  -0.74141027
  0.01128906  -294.65918317  -0.74516851
  0.01130859  -293.28146873  -0.74890215
  0.01132813  -291.89874868  -0.75261300
  0.01134766  -290.51151332  -0.75630225
  0.01136719  -289.12024661  -0.75997050
  0.01138672  -287.72542571  -0.76361765
  0.01140625  -286.32752059  -0.76724294
  0.01142578  -284.92699368  -0.77084497
  0.01144531  -283.52429946  -0.77442182
  0.01146484  -282.11988410  -0.77797114
  0.01148438  -280.71418512  -0.78149028
  0.01150391  -279.30763099  -0.78497649
  0.01152344  -277.90064085  -0.78842704
  0.01154297  -276.49362413  -0.79183941
  0.01156250  -275.08698024  -0.79521142
  0.01158203  -273.68109825  -0.79854138
  0.01160156  -272.27635661  -0.80182817
  0.01162109  -270.87312283  -0.80507133
  0.01164063  -269.47175319  -0.80827103
  0.01166016  -268.07259251  -0.81142814
  0.01167969  -266.67597384  -0.81454411
  0.01169922  -265.28221825  -0.81762092
  0.01171875  -263.89163457  -0.82066094
  0.01173828  -262.50451917  -0.82366682
  0.01175781  -261.12115575  -0.82664131
  0.01177734  -259.74181513  -0.82958711
  0.01179688  -258.36675508  -0.83250671
  0.01181641  -256.99622010  -0.83540225
  0.01183594  -255.63044132  -0.83827542
  0.01185547  -254.26963630  -0.84112733
  0.01187500  -252.91400890  -0.84395848
  0.01189453  -251.56374919  -0.84676874
  0.01191406  -250.21903327  -0.84955736
  0.01193359  -248.88002326  -0.85232302
  0.01195313  -247.54686714  -0.85506394
  0.01197266  -246.21969872  -0.85777796
  0.01199219  -244.89863755  -0.86046272
  0.01201172  -243.58378894  -0.86311578
  0.01203125  -242.27524385  -0.86573480
  0.01205078  -240.97307891  -0.86831767
  0.01207031  -239.67735645  -0.87086262
  0.01208984  -238.38812444  -0.87336840
  0.01210938  -237.10541657  -0.87583430
  0.01212891  -235.82925227  -0.87826024
  0.01214844  -234.55963677  -0.88064673
  0.01216797  -233.29656113  -0.88299492
  0.01218750  -232.04000236  -0.88530648
  0.01220703  -230.78992351  -0.88758352
  0.01222656  -229.54627373  -0.88982848
  0.01224609  -228.30898844  -0.89204401
  0.01226563  -227.07798944  -0.89423277
  0.01228516  -225.85318504  -0.89639733
  0.01230469  -224.63447024  -0.89854000
  0.01232422  -223.42172688  -0.90066270
  0.01234375  -222.21482384  -0.90276687
  0.01236328  -221.01361721  -0.90485338
  0.01238281  -219.81795053  -0.90692249
  0.01240234  -218.62765496  -0.90897385
  0.01242188  -217.44254956  -0.91100653
  0.01244141  -216.26244149  -0.91301906
  0.01246094  -215.08712628  -0.91500956
  0.01248047  -213.91638810  -0.91697585
  0.01250000  -212.75000000  -0.91891558
  0.01251953  -211.58772424  -0.92082638
  0.01253906  -210.42931254  -0.92270600
  0.01255859  -209.27450642  -0.92455246
  0.01257813  -208.12303749  -0.92636420
  0.01259766  -206.97462776  -0.92814010
  0.01261719  -205.82899002  -0.92987964
  0.01263672  -204.68582811  -0.93158288
  0.01265625  -203.54483733  -0.93325046
  0.01267578  -202.40570477  -0.93488361
  0.01269531  -201.26810966  -0.93648401
  0.01271484  -200.13172377  -0.93805375
  0.01273438  -198.99621176  -0.93959518
  0.01275391  -197.86123158  -0.94111078
  0.01277344  -196.72643485  -0.94260301
  0.01279297  -195.59146726  -0.94407415
  0.01281250  -194.45596897  -0.94552618
  0.01283203  -193.31957502  -0.94696068
  0.01285156  -192.18191575  -0.94837868
  0.01287109  -191.04261718  -0.94978067
  0.01289063  -189.90130146  -0.95116649
  0.01291016  -188.75758728  -0.95253540
  0.01292969  -187.61109030  -0.95388611
  0.01294922  -186.46142357  -0.95521684
  0.01296875  -185.30819798  -0.95652540
  0.01298828  -184.15102266  -0.95780939
  0.01300781  -182.98950543  -0.95906627
  0.01302734  -181.82325323  -0.96029352
  0.01304687  -180.65187257  -0.96148883
  0.01306641  -179.47496995  -0.96265016
  0.01308594  -178.29215227  -0.96377593
  0.01310547  -177.10302733  -0.96486504
  0.01312500  -175.90720418  -0.96591699
  0.01314453  -174.70429363  -0.96693185
  0.01316406  -173.49390860  -0.96791028
  0.01318359  -172.27566463  -0.96885346
  0.01320313  -171.04918024  -0.96976303
  0.01322266  -169.81407736  -0.97064099
  0.01324219  -168.56998179  -0.97148951
  0.01326172  -167.31652354  -0.97231087
  0.01328125  -166.05333733  -0.97310727
  0.01330078  -164.78006291  -0.97388067
  0.01332031  -163.49634550  -0.97463270
  0.01333984  -162.20183618  -0.97536451
  0.01335938  -160.89619229  -0.97607673
  0.01337891  -159.57907777  -0.97676938
  0.01339844  -158.25016358  -0.97744187
  0.01341797  -156.90912804  -0.97809301
  0.01343750  -155.55565720  -0.97872107
  0.01345703  -154.18944520  -0.97932389
  0.01347656  -152.81019461  -0.97989896
  0.01349609  -151.41761674  -0.98044354
  0.01351563  -150.01143201  -0.98095488
  0.01353516  -148.59137026  -0.98143027
  0.01355469  -147.15717103  -0.98186726
  0.01357422  -145.70858390  -0.98226377
  0.01359375  -144.24536875  -0.98261816
  0.01361328  -142.76729605  -0.98292936
  0.01363281  -141.27414714  -0.98319691
  0.01365234  -139.76571449  -0.98342093
  0.01367188  -138.24180192  -0.98360213
  0.01369141  -136.70222487  -0.98374175
  0.01371094  -135.14681063  -0.98384145
  0.01373047  -133.57539851  -0.98390319
  0.01375000  -131.98784008  -0.98392914
  0.01376953  -130.38399938  -0.98392144
  0.01378906  -128.76375304  -0.98388214
  0.01380859  -127.12699051  -0.98381302
  0.01382813  -125.47361415  -0.98371543
  0.01384766  -123.80353945  -0.98359024
  0.01386719  -122.11669507  -0.98343775
  0.01388672  -120.41302304  -0.98325762
  0.01390625  -118.69247880  -0.98304891
  0.01392578  -116.95503135  -0.98281006
  0.01394531  -115.20066325  -0.98253901
  0.01396484  -113.42937077  -0.98223328
  0.01398438  -111.64116387  -0.98189010
  0.01400391  -109.83606629  -0.98150652
  0.01402344  -108.01411554  -0.98107963
  0.01404297  -106.17536294  -0.98060664
  0.01406250  -104.31987358  -0.98008510
  0.01408203  -102.44772634  -0.97951295
  0.01410156  -100.55901384  -0.97888868
  0.01412109  -98.65384244  -0.97821140
  0.01414063  -96.73233210  -0.97748083
  0.01416016  -94.79461640  -0.97669735
  0.01417969  -92.84084242  -0.97586192
  0.01419922  -90.87117064  -0.97497605
  0.01421875  -88.88577484  -0.97404162
  0.01423828  -86.88484198  -0.97306084
  0.01425781  -84.86857208  -0.97203602
  0.01427734  -82.83717806  -0.97096945
  0.01429688  -80.79088558  -0.96986325
  0.01431641  -78.72993289  -0.96871921
  0.01433594  -76.65457061  -0.96753864
  0.01435547  -74.56506159  -0.96632231
  0.01437500  -72.46168065  -0.96507038
  0.01439453  -70.34471441  -0.96378232
  0.01441406  -68.21446101  -0.96245700
  0.01443359  -66.07122994  -0.96109264
  0.01445313  -63.91534171  -0.95968700
  0.01447266  -61.74712765  -0.95823742
  0.01449219  -59.56692962  -0.95674098
  0.01451172  -57.37509971  -0.95519468
  0.01453125  -55.17199998  -0.95359559
  0.01455078  -52.95800213  -0.95194100
  0.01457031  -50.73348721  -0.95022858
  0.01458984  -48.49884529  -0.94845653
  0.01460938  -46.25447515  -0.94662365
  0.01462891  -44.00078390  -0.94472940
  0.01464844  -41.73818670  -0.94277396
  0.01466797  -39.46710635  -0.94075817
  0.01468750  -37.18797296  -0.93868351
  0.01470703  -34.90122358  -0.93655200
  0.01472656  -32.60730183  -0.93436603
  0.01474609  -30.30665750  -0.93212828
  0.01476563  -27.99974621  -0.92984150
  0.01478516  -25.68702896  -0.92750836
  0.01480469  -23.36897177  -0.92513128
  0.01482422  -21.04604530  -0.92271226
  0.01484375  -18.71872437  -0.92025279
  0.01486328  -16.38748764  -0.91775369
  0.01488281  -14.05281714  -0.91521512
  0.01490234  -11.71519788  -0.91263652
  0.01492188   -9.37511739  -0.91001663
  0.01494141   -7.03306538  -0.90735357
  0.01496094   -4.68953322  -0.90464495
  0.01498047   -2.34501359  -0.90188802
  0.01500000   -0.00000000  -0.89907978
  0.01501953    2.34501359  -0.89621721
  0.01503906    4.68953322  -0.89329744
  0.01505859    7.03306538  -0.89031790
  0.01507813    9.37511739  -0.88727651
  0.01509766   11.71519788  -0.88417180
  0.01511719   14.05281714  -0.88100301
  0.01513672   16.38748764  -0.87777012
  0.01515625   18.71872437  -0.87447391
  0.01517578   21.04604530  -0.87111591
  0.01519531   23.36897177  -0.86769828
  0.01521484   25.68702896  -0.86422375
  0.01523438   27.99974621  -0.86069545
  0.01525391   30.30665750  -0.85711671
  0.01527344   32.60730183  -0.85349091
  0.01529297   34.90122358  -0.84982126
  0.01531250   37.18797296  -0.84611060
  0.01533203   39.46710635  -0.84236129
  0.01535156   41.73818670  -0.83857501
  0.01537109   44.00078390  -0.83475272
  0.01539063   46.25447515  -0.83089456
  0.01541016   48.49884529  -0.82699987
  0.01542969   50.73348721  -0.82306723
  0.01544922   52.95800213  -0.81909453
  0.01546875   55.17199998  -0.81507914
  0.01548828   57.37509971  -0.81101805
  0.01550781   59.56692962  -0.80690806
  0.01552734   61.74712765  -0.80274600
  0.01554688   63.91534171  -0.79852893
  0.01556641   66.07122994  -0.79425435
  0.01558594   68.21446101  -0.78992032
  0.01560547   70.34471441  -0.78552568
  0.01562500   72.46168065  -0.78107010
  0.01564453   74.56506159  -0.77655412
  0.01566406   76.65457061  -0.77197918
  0.01568359   78.72993289  -0.76734756
  0.01570313   80.79088558  -0.76266225
  0.01572266   82.83717806  -0.75792681
  0.01574219   84.86857208  -0.75314521
  0.01576172   86.88484198  -0.74832157
  0.01578125   88.88577484  -0.74345998
  0.01580078   90.87117064  -0.73856425
  0.01582031   92.84084242  -0.73363770
  0.01583984   94.79461640  -0.72868299
  0.01585938   96.73233210  -0.72370194
  0.01587891   98.65384244  -0.71869546
  0.01589844  100.55901384  -0.71366351
  0.01591797  102.44772634  -0.70860506
  0.01593750  104.31987358  -0.70351823
  0.01595703  106.17536294  -0.69840032
  0.01597656  108.01411554  -0.69324810
  0.01599609  109.83606629  -0.68805790
  0.01601562  111.64116387  -0.68282594
  0.01603516  113.42937077  -0.67754851
  0.01605469  115.20066325  -0.67222226
  0.01607422  116.95503135  -0.66684444
  0.01609375  118.69247880  -0.66141303
  0.01611328  120.41302304  -0.65592700
  0.01613281  122.11669507  -0.65038631
  0.01615234  123.80353945  -0.64479206
  0.01617188  125.47361415  -0.63914635
  0.01619141  127.12699051  -0.63345231
  0.01621094  128.76375304  -0.62771387
  0.01623047  130.38399938  -0.62193561
  0.01625000  131.98784008  -0.61612251
  0.01626953  133.57539851  -0.61027965
  0.01628906  135.14681063  -0.60441197
  0.01630859  136.70222487  -0.59852398
  0.01632812  138.24180192  -0.59261949
  0.01634766  139.76571449  -0.58670140
  0.01636719  141.27414714  -0.58077151
  0.01638672  142.76729605  -0.57483043
  0.01640625  144.24536875  -0.56887753
  0.01642578  145.70858390  -0.56291097
  0.01644531  147.15717103  -0.55692781
  0.01646484  148.59137026  -0.55092415
  0.01648438  150.01143201  -0.54489543
  0.01650391  151.41761674  -0.53883664
  0.01652344  152.81019461  -0.53274266
  0.01654297  154.18944520  -0.52660860
  0.01656250  155.55565720  -0.52043008
  0.01658203  156.90912804  -0.51420358
  0.01660156  158.25016358  -0.50792662
  0.01662109  159.57907777  -0.50159804
  0.01664062  160.89619229  -0.49521803
  0.01666016  162.20183618  -0.48878826
  0.01667969  163.49634550  -0.48231178
  0.01669922  164.78006291  -0.47579289
  0.01671875  166.05333733  -0.46923698
  0.01673828  167.31652354  -0.46265019
  0.01675781  168.56998179  -0.45603913
  0.01677734  169.81407736  -0.44941046
  0.01679687  171.04918024  -0.44277055
  0.01681641  172.27566463  -0.43612508
  0.01683594  173.49390860  -0.42947866
  0.01685547  174.70429363  -0.42283460
  0.01687500  175.90720418  -0.41619460
  0.01689453  177.10302733  -0.40955866
  0.01691406  178.29215227  -0.40292500
  0.01693359  179.47496995  -0.39629016
  0.01695312  180.65187257  -0.38964908
  0.01697266  181.82325323  -0.38299545
  0.01699219  182.98950543  -0.37632199
  0.01701172  184.15102266  -0.36962086
  0.01703125  185.30819798  -0.36288417
  0.01705078  186.46142357  -0.35610440
  0.01707031  187.61109030  -0.34927491
  0.01708984  188.75758728  -0.34239037
  0.01710938  189.90130146  -0.33544715
  0.01712891  191.04261718  -0.32844362
  0.01714844  192.18191575  -0.32138031
  0.01716797  193.31957502  -0.31426001
  0.01718750  194.45596897  -0.30708771
  0.01720703  195.59146726  -0.29987040
  0.01722656  196.72643485  -0.29261673
  0.01724609  197.86123158  -0.28533660
  0.01726563  198.99621176  -0.27804065
  0.01728516  200.13172377  -0.27073959
  0.01730469  201.26810966  -0.26344363
  0.01732422  202.40570477  -0.25616182
  0.01734375  203.54483733  -0.24890142
  0.01736328  204.68582811  -0.24166737
  0.01738281  205.82899002  -0.23446187
  0.01740234  206.97462776  -0.22728405
  0.01742188  208.12303749  -0.22012981
  0.01744141  209.27450642  -0.21299189
  0.01746094  210.42931254  -0.20586002
  0.01748047  211.58772424  -0.19872135
  0.01750000  212.75000000  -0.19156100
  0.01751953  213.91638810  -0.18436277
  0.01753906  215.08712628  -0.17711002
  0.01755859  216.26244149  -0.16978656
  0.01757813  217.44254956  -0.16237767
  0.01759766  218.62765496  -0.15487108
  0.01761719  219.81795053  -0.14725794
  0.01763672  221.01361721  -0.13953367
  0.01765625  222.21482384  -0.13169867
  0.01767578  223.42172688  -0.12375889
  0.01769531  224.63447024  -0.11572619
  0.01771484  225.85318504  -0.10761841
  0.01773438  227.07798944  -0.09945923
  0.01775391  228.30898844  -0.09127781
  0.01777344  229.54627373  -0.08310812
  0.01779297  230.78992351  -0.07498807
  0.01781250  232.04000236  -0.06695847
  0.01783203  233.29656113  -0.05906176
  0.01785156  234.55963677  -0.05134071
  0.01787109  235.82925227  -0.04383701
  0.01789063  237.10541657  -0.03658986
  0.01791016  238.38812444  -0.02963464
  0.01792969  239.67735645  -0.02300168
  0.01794922  240.97307891  -0.01671515
  0.01796875  242.27524385  -0.01079225
  0.01798828  243.58378894  -0.00524254
  0.01800781  244.89863755  -0.00006761
  0.01802734  246.21969872   0.00473896
  0.01804688  247.54686714   0.00919143
  0.01806641  248.88002326   0.01331134
  0.01808594  250.21903327   0.01712679
  0.01810547  251.56374919   0.02067143
  0.01812500  252.91400890   0.02398330
  0.01814453  254.26963630   0.02710351
  0.01816406  255.63044132   0.03007491
  0.01818359  256.99622010   0.03294059
  0.01820313  258.36675508   0.03574260
  0.01822266  259.74181513   0.03852061
  0.01824219  261.12115575   0.04131078
  0.01826172  262.50451917   0.04414481
  0.01828125  263.89163457   0.04704916
  0.01830078  265.28221825   0.05004458
  0.01832031  266.67597384   0.05314585
  0.01833984  268.07259251   0.05636173
  0.01835938  269.47175319   0.05969526
  0.01837891  270.87312283   0.06314418
  0.01839844  272.27635661   0.06670161
  0.01841797  273.68109825   0.07035682
  0.01843750  275.08698024   0.07409619
  0.01845703  276.49362413   0.07790417
  0.01847656  277.90064085   0.08176427
  0.01849609  279.30763099   0.08566003
  0.01851563  280.71418512   0.08957594
  0.01853516  282.11988410   0.09349819
  0.01855469  283.52429946   0.09741531
  0.01857422  284.92699368   0.10131865
  0.01859375  286.32752059   0.10520266
  0.01861328  287.72542571   0.10906500
  0.01863281  289.12024661   0.11290648
  0.01865234  290.51151332   0.11673080
  0.01867188  291.89874868   0.12054417
  0.01869141  293.28146873   0.12435482
  0.01871094  294.65918317   0.12817242
  0.01873047  296.03139567   0.13200741
  0.01875000  297.39760435   0.13587040
  0.01876953  298.75730218   0.13977154
  0.01878906  300.10997740   0.14371994
  0.01880859  301.45511394   0.14772317
  0.01882813  302.79219188   0.15178696
  0.01884766  304.12068784   0.15591484
  0.01886719  305.44007546   0.16010813
  0.01888672  306.74982584   0.16436587
  0.01890625  308.04940797   0.16868499
  0.01892578  309.33828919   0.17306056
  0.01894531  310.61593563   0.17748615
  0.01896484  311.88181270   0.18195419
  0.01898438  313.13538549   0.18645653
  0.01900391  314.37611927   0.19098483
  0.01902344  315.60347994   0.19553107
  0.01904297  316.81693446   0.20008801
  0.01906250  318.01595134   0.20464951
  0.01908203  319.20000106   0.20921088
  0.01910156  320.36855658   0.21376904
  0.01912109  321.52109372   0.21832268
  0.01914063  322.65709168   0.22287218
  0.01916016  323.77603345   0.22741957
  0.01917969  324.87740625   0.23196832
  0.01919922  325.96070201   0.23652307
  0.01921875  327.02541776   0.24108928
  0.01923828  328.07105612   0.24567290
  0.01925781  329.09712569   0.25027992
  0.01927734  330.10314148   0.25491607
  0.01929688  331.08862535   0.25958640
  0.01931641  332.05310641   0.26429501
  0.01933594  332.99612142   0.26904480
  0.01935547  333.91721524   0.27383732
  0.01937500  334.81594116   0.27867264
  0.01939453  335.69186133   0.28354940
  0.01941406  336.54454713   0.28846490
  0.01943359  337.37357955   0.29341523
  0.01945313  338.17854956   0.29839550
  0.01947266  338.95905843   0.30340017
  0.01949219  339.71471813   0.30842331
  0.01951172  340.44515165   0.31345892
  0.01953125  341.14999331   0.31850129
  0.01955078  341.82888908   0.32354528
  0.01957031  342.48149695   0.32858657
  0.01958984  343.10748714   0.33362185
  0.01960938  343.70654245   0.33864898
  0.01962891  344.27835852   0.34366704
  0.01964844  344.82264409   0.34867634
  0.01966797  345.33912128   0.35367830
  0.01968750  345.82752579   0.35867536
  0.01970703  346.28760717   0.36367072
  0.01972656  346.71912905   0.36866815
  0.01974609  347.12186928   0.37367169
  0.01976563  347.49562019   0.37868537
  0.01978516  347.84018877   0.38371294
  0.01980469  348.15539680   0.38875760
  0.01982422  348.44108103   0.39382182
  0.01984375  348.69709333   0.39890713
  0.01986328  348.92330080   0.40401403
  0.01988281  349.11958590   0.40914193
  0.01990234  349.28584658   0.41428916
  0.01992188  349.42199629   0.41945308
  0.01994141  349.52796415   0.42463017
  0.01996094  349.60369496   0.42981625
  0.01998047  349.64914924   0.43500667
